NVMC.DefaultRace = {
    startPosition : [ 10.5,Y_MAX-10.0, 0],

    photoPosition : [ -55, 0, -80 ],

    observerPosition : [ -9, 20, -79 ],

    bbox : [ -100, 0, -100, 100, 10, 100 ],

  arealigths : [
    {
      frame : [0, 0, 1, 0, 0, 1, 0, 0, 1, 0, 0, 0, -27.75, 4, -75.4688, 1, ],
      size : [1,1],
      color : [0.8,0.8,0.8]
   },
    {
      frame : [-0.864348, 0, -0.502894, 0, 0, 1, 0, 0, -0.502894, 0, 0.864348, 0, -86.125, 4, -51.4062, 1, ],
      size : [1,1],
      color : [0.8,0.8,0.8]
   },
    {
      frame : [-0.948683, 0, -0.316229, 0, 0, 1, 0, 0, -0.316229, 0, 0.948683, 0, 80.875, 4, 10.9375, 1, ],
      size : [1,1],
      color : [0.8,0.8,0.8]
   },
    {
      frame : [-0.980581, 0, -0.196115, 0, 0, 1, 0, 0, -0.196115, 0, 0.980581, 0, 77.625, 4, 22.1875, 1, ],
      size : [1,1],
      color : [0.8,0.8,0.8]
   },
    {
      frame : [-0.966235, 0, -0.257663, 0, 0, 1, 0, 0, -0.257663, 0, 0.966235, 0, 75.375, 4, 33.75, 1, ],
      size : [1,1],
      color : [0.8,0.8,0.8]
   },
    {
      frame : [-0.916539, 0, -0.399944, 0, 0, 1, 0, 0, -0.399944, 0, 0.916539, 0, 71.875, 4, 45, 1, ],
      size : [1,1],
      color : [0.8,0.8,0.8]
   },
    {
      frame : [-0.715007, 0, -0.699118, 0, 0, 1, 0, 0, -0.699118, 0, 0.715007, 0, 65.25, 4, 54.6875, 1, ],
      size : [1,1],
      color : [0.8,0.8,0.8]
   },
  ],

  lamps : [
    {
      position : [ -44.75, 0, 24.6875],
      height   : 4
    },

    {
      position : [ -34.25, 0, 32.9688],
      height   : 4
    },

    {
      position : [ -51.5, 0, 39.2188],
      height   : 4
    },

    {
      position : [ -23.375, 0, 39.375],
      height   : 4
    },

    {
      position : [ -11.625, 0, 44.5312],
      height   : 4
    },

    {
      position : [ -37.875, 0, 47.3438],
      height   : 4
    },

    {
      position : [ -0.5, 0, 50.9375],
      height   : 4
    },

    {
      position : [ -25.875, 0, 53.5938],
      height   : 4
    },

    {
      position : [ 10.25, 0, 55.7812],
      height   : 4
    },

    {
      position : [ -14.375, 0, 59.6875],
      height   : 4
    },

    {
      position : [ -5.375, 0, 64.0625],
      height   : 4
    },

    {
      position : [ 7.125, 0, 69.0625],
      height   : 4
    }
  ],

  trees : [
    {
      position : [ -40.75, 0, -23.2812],
      height   : 3
    },
    {
      position : [ 25.875, 0, -22.1875],
      height   : 3
    },
    {
      position : [ -28, 0, -22.0312],
      height   : 3
    },
    {
      position : [ 30.75, 0, -22.0312],
      height   : 3
    },
    {
      position : [ 18.5, 0, -21.4062],
      height   : 3
    },
    {
      position : [ 36.375, 0, -21.25],
      height   : 3
    },
    {
      position : [ 12, 0, -20.3125],
      height   : 3
    },
    {
      position : [ -37.375, 0, -20.1562],
      height   : 3
    },
    {
      position : [ 58.75, 0, -19.2188],
      height   : 3
    },
    {
      position : [ 4.37501, 0, -18.4375],
      height   : 3
    },
    {
      position : [ 51.875, 0, -16.0938],
      height   : 3
    },
    {
      position : [ 26.375, 0, -15.1562],
      height   : 3
    },
    {
      position : [ 32.5, 0, -13.5938],
      height   : 3
    },
    {
      position : [ 96, 0, -13.5938],
      height   : 3
    },
    {
      position : [ 20.5, 0, -12.0312],
      height   : 3
    },
    {
      position : [ 11.25, 0, -11.7188],
      height   : 3
    },
    {
      position : [ 26.5, 0, -7.34375],
      height   : 3
    },
    {
      position : [ 17.875, 0, -4.21875],
      height   : 3
    },
    {
      position : [ 54.375, 0, -3.4375],
      height   : 3
    },
    {
      position : [ 27.75, 0, -1.09375],
      height   : 3
    },
    {
      position : [ 53.25, 0, 11.4063],
      height   : 3
    },
    {
      position : [ -27.25, 0, 13.9062],
      height   : 3
    },
    {
      position : [ 53.25, 0, 16.25],
      height   : 3
    },
    {
      position : [ -28.875, 0, 18.9062],
      height   : 3
    }
  ],

  buildings : [
    {
      outline : [
      15.75, 0, -49.5312,   10,
      16.125, 0, -39.0625,   10,
      7.25, 0, -37.9688,   10,
      7.25, 0, -48.5937,   10,
      ]
    },
    {
      outline : [
      -48.125, 0, 3.125,   10,
      -30.25, 0, 11.875,   10,
      -33.5, 0, 21.0938,   10,
      -52.25, 0, 12.5,   10,
      ]
    },
    {
      outline : [
      -28.5, 0, 23.5938,   10,
      -10.625, 0, 32.3438,   10,
      -13.875, 0, 41.5625,   10,
      -32.625, 0, 32.9688,   10,
      ]
    },
    {
      outline : [
      -0.75, 0, 38.4375,   10,
      12.875, 0, 45.4688,   10,
      9.375, 0, 53.75,   10,
      -4.625, 0, 46.7188,   10,
      ]
    },
    {
      outline : [
      -58.875, 0, 41.875,   10,
      -45.25, 0, 48.9062,   10,
      -48.75, 0, 57.1875,   10,
      -62.75, 0, 50.1562,   10,
      ]
    },
    {
      outline : [
      -37.125, 0, 53.125,   10,
      -23.5, 0, 60.1562,   10,
      -27, 0, 68.4375,   10,
      -41, 0, 61.4062,   10,
      ]
    },
    {
      outline : [
      -11.875, 0, 64.5312,   10,
      1.75001, 0, 71.5625,   10,
      -1.75, 0, 79.8438,   10,
      -15.75, 0, 72.8125,   10,
      ]
    }
  ],
  weather : {
    sunLightDirection : [ 0.4, 1, 0.6 ],
    cloudDensity      : 0,
    rainStrength      : 0
  }
};

